150 20
7 11
8 19
5 17
5 17
1 7
3 12
7 3
3 7
4 1
9 7
3 7
10 17
6 16
9 13
6 17
3 1
4 5
2 19
10 13
9 16
2 19
7 16
1 12
4 7
10 1
10 1
1 5
8 3
2 16
2 9
1 9
1 17
6 18
10 13
4 18
6 11
2 19
5 19
8 8
10 12
10 4
6 2
7 15
7 5
10 17
4 13
3 3
8 18
10 8
6 17
1 2
3 6
10 11
9 3
6 2
1 10
4 12
9 1
7 4
7 14
1 12
7 13
4 6
2 10
1 13
5 2
4 16
1 16
5 3
10 10
10 4
7 16
6 9
6 15
6 18
5 18
8 4
1 3
10 4
8 9
6 6
6 2
2 6
4 3
6 5
5 7
4 5
6 5
2 14
8 3
7 9
7 5
1 18
5 12
9 9
9 16
3 16
4 19
10 11
6 5
9 15
10 12
6 3
4 4
9 2
2 9
6 19
1 8
8 5
2 10
8 18
9 6
4 19
2 11
7 15
3 2
3 1
7 2
5 7
2 6
9 3
2 3
5 15
7 19
9 12
9 9
4 1
7 15
9 7
5 11
10 2
4 13
1 9
7 18
5 11
8 6
1 4
10 3
3 9
5 11
8 14
6 16
1 16
1 19
4 6
4 8
5 10
10 19
9 1
2 8
