50	60
42	28	33
1	-12	2
-15	-38	-12
-40	8	9
32	14	30
38	47	-21
-7	-14	-28
44	27	-3
-15	-26	42
-22	-45	36
-14	47	1
-10	-8	17
-27	31	-33
12	19	26
-10	31	1
-49	19	-48
2	-12	-8
23	-25	5
14	48	-30
-27	-37	21
11	-36	18
25	-42	37
-47	-10	14
-14	-36	-49
-8	28	21
47	-31	-44
34	-19	20
-29	-38	16
12	-1	-40
44	38	-9
23	-13	9
45	-11	21
-20	9	-50
-39	14	38
9	-16	6
46	3	34
-7	-14	21
-40	-47	10
27	-20	-25
-32	6	-13
-9	19	45
3	30	27
-25	-47	-1
46	-13	-1
-18	-8	-4
23	-5	45
31	50	48
11	-48	-50
-42	-28	48
-41	-16	-32
21	-19	-31
-33	17	27
-34	48	-45
8	-17	29
-21	-14	-17
29	-49	-21
-33	-11	-10
31	-28	38
18	13	3
44	24	36
45	50	-18
1	38	10
-4	1	-32
15	28	-42
39	44	-18
43	47	-39
9	12	32
23	26	3
34	-30	-41
-19	36	-34
27	3	-34
-9	-22	-7
-41	13	4
6	-50	-46
-44	-32	20
6	43	-40
29	27	41
9	-28	-23
7	44	-42
39	-11	19
14	47	2
-37	46	-33
46	22	26
10	-29	-14
38	-19	-42
15	-41	-29
22	31	42
-3	4	-27
49	-31	29
-43	19	28
-17	38	-46
-42	-25	-21
39	32	31
-15	9	32
-2	-13	31
-35	15	-43
-20	-2	-21
-18	-25	-32
-50	5	-32
-50	-32	-26
-14	44	22
13	-6	-38
20	16	19
-18	11	-9
45	-8	-10
50	-1	-33
-39	6	-41
-14	-28	48
-41	13	14
-27	-8	30
26	-27	17
-44	37	15
17	26	-50
-17	-48	8
-1	23	28
46	-35	-31
-21	36	-15
9	-37	4
3	-16	8
31	-46	-26
-13	-21	19
-22	-4	47
14	48	3
-28	9	18
38	50	-9
49	20	-5
28	35	-40
-41	35	-27
46	29	40
-27	2	8
19	-13	-35
-10	-8	32
29	24	-37
-36	12	-17
-34	-1	-33
-6	-4	-10
38	-36	-48
23	14	4
47	-5	31
-45	13	-7
-24	-9	46
24	38	-8
1	-30	7
24	-35	29
11	43	22
9	-43	-34
-26	49	-20
-27	21	-7
-8	48	-30
45	-13	-21
41	-38	31
-7	-16	5
4	25	44
-5	16	17
-12	47	31
21	-4	-47
8	35	3
-36	-16	-27
48	30	50
33	25	48
24	-27	-15
8	-36	-27
-12	34	-3
22	11	8
22	8	46
-31	44	28
37	-21	-41
50	-43	-22
-31	3	46
8	45	-28
-4	-45	42
-37	26	28
-39	-49	38
21	32	-18
16	49	19
-8	5	-4
23	-35	-17
-49	39	-20
10	49	-9
33	2	12
23	-29	26
43	22	33
-2	1	-35
1	17	-35
1	-22	42
-24	-10	-44
-15	22	3
-12	27	-15
22	-18	1
-36	-35	-42
-43	10	38
18	24	39
-35	-32	41
-33	49	26
-3	39	-46
23	-8	-41
28	-12	-22
31	17	-23
29	-49	48
15	-35	40
-41	2	14
29	40	19
42	37	-17
14	-36	31
13	4	-47
8	-3	-28
-28	12	-30
48	3	-22
-47	-31	14
-41	5	7
-13	-14	22
30	13	-15
44	7	-29
44	-18	26
11	36	-22
36	35	-43
-11	4	-39
-2	6	5
