250 31
11 6 -28
-24 -12 19
8 -19 -14
23 30 -18
24 7 31
6 30 30
-27 8 -20
2 -18 29
-3 -29 -29
-12 15 31
13 -9 6
14 -4 23
1 -27 -30
18 25 31
29 17 4
27 -11 2
23 -7 -24
-29 25 -11
-31 -10 -11
-31 10 -30
31 -10 -7
5 -29 19
-7 3 21
-6 -13 13
-9 -16 -3
27 -23 16
-6 -31 -24
-1 -29 -31
20 -31 -12
-22 -31 29
-21 -31 -15
2 3 -13
-13 28 20
-24 -12 -27
20 12 -14
-16 5 -5
29 28 -5
-29 -4 -5
-31 -18 -4
-12 -11 -4
-17 -2 -6
1 31 29
17 -16 23
3 -10 -23
7 -24 18
25 -11 -10
-14 -13 -15
13 -13 13
-26 -12 26
2 8 -16
28 23 12
-12 -11 9
-17 -28 25
-26 7 -17
-19 -21 -10
30 -28 10
-11 -13 28
4 29 -17
-16 -28 1
-24 5 -23
-11 -2 29
-31 19 -16
10 -30 -13
3 -26 25
15 -14 -29
-29 -16 -26
12 3 -7
6 -26 -10
19 -13 -9
-13 -5 26
-7 14 -8
-12 15 -23
4 -10 -23
23 22 -18
14 5 -3
16 5 11
20 -17 -18
-21 18 -15
-2 3 3
22 22 27
16 -19 9
-26 2 -11
-17 -29 11
-9 25 1
3 6 -29
31 -11 6
10 -25 20
21 -15 4
-27 14 -25
7 4 26
-1 -15 -25
-24 -10 6
-3 3 9
-26 25 -1
7 -7 -27
7 -8 -6
-20 -31 -2
29 19 16
2 23 -3
6 -5 30
-1 26 -17
6 -31 3
-22 -5 -26
18 1 28
-15 -27 -12
-10 12 10
14 21 10
-20 17 -5
25 -16 -16
-12 21 12
-14 -12 4
-2 23 2
31 -31 28
-29 16 -5
28 -30 -1
-16 -11 -23
26 -29 30
2 -20 15
28 -28 30
-19 -9 17
22 8 -27
-9 -28 25
25 -29 26
19 -27 8
-18 31 9
14 -17 27
22 -23 27
18 11 -24
-2 5 -21
-6 15 -1
-21 5 -25
-19 26 -23
-25 19 -21
30 4 -18
6 18 -19
-19 -3 -5
-24 -15 3
-28 -28 -21
-23 2 13
-15 28 -4
16 -27 -31
21 -14 26
29 -8 11
-26 -12 -17
-13 25 30
-3 -28 -5
23 -20 12
-7 -19 13
2 -11 -19
-18 6 -25
10 -13 -21
9 -24 -4
1 -27 18
-20 -21 -26
-8 -5 29
-12 25 -31
15 16 -22
-8 -25 -10
-26 8 9
-16 19 -18
-10 -3 2
1 -28 7
27 4 12
13 13 20
17 -27 -17
12 -8 -26
10 -27 21
20 -3 25
-24 1 1
17 16 -12
28 -26 15
-3 4 18
-27 -2 -11
14 -22 -29
2 24 -27
14 4 -5
20 -19 -3
7 30 24
1 -25 -8
30 21 -26
-16 17 -23
28 -19 11
14 -17 -23
-30 26 -16
-30 -7 -24
-28 -25 9
-4 24 20
26 -3 18
18 29 22
-23 25 11
-20 -24 -6
-11 -28 5
31 18 19
-26 17 13
-10 18 -26
-5 19 -22
-29 -16 -29
22 -22 -1
6 25 -6
-4 -30 -15
-27 -18 -8
-4 1 -4
-31 -3 -20
17 3 28
-5 22 12
-2 -16 -4
9 -14 12
9 -26 19
-26 11 11
-3 -27 12
14 -22 23
-25 4 -11
1 5 18
12 -13 -13
6 15 -23
-17 -19 -10
11 19 8
-11 -5 13
-26 -2 -10
16 27 -6
-6 8 4
-17 12 -26
5 -20 10
-12 21 26
7 -8 9
14 5 22
-28 -19 7
10 2 -29
-12 8 -2
10 -11 -6
-27 15 -30
6 30 11
11 3 22
-14 22 9
-19 -5 -31
19 -23 3
7 -22 15
-18 19 -17
-16 -24 20
14 15 -23
-26 17 24
-27 -9 22
15 31 -10
3 -16 -22
-21 -6 5
-23 -19 11
11 20 21
-6 -30 6
9 -17 11
-4 26 -6
